110689068
110733991
110730904
110691193
110688738
110694917
110698240
110719405
110710580
110720141
110689066
110691555
110707507
110739777
110683504
110722732
110706197
110717037
110713208
110721201
110701960
110703737
110735222
110709169
110697655
110713051
110709919
110702935
110724224
110690964
110709918
110734849
110683892
110696236
110700778
110710750
110693237
110700373
110728751
110708550
110719067
110696235
110713692
110716886
110699651
110690478
110730684
110699061
110692289
110724365
110718899
110685167
110721051
110687311
110717817
110720288
110735210
110690668
110686856
110718193
110734256
110727655
110705207
110700228
110704772
110707230
110685872
110721803
110708420
110706051
110700899
110698784
110685633
110719832
110691542
110701474
110695069
110703716
110688794
110717393
110683350
110722691
110712140
110731633
110735127
110703112
110700334
110685849
110719101
110687352
110701473
110700012
110689518
110699209
110718897
110694407
110694585
110714003
110701847
110731217