110689068
110733991
110730904
110691193
110688738
110694917
110698240
110719405
110710580
110720141
110689066
110691555
110707507
110739777
110683504
110722732
110706197
110717037
110713208
110721201
110701960
110703737
110735222
110709169
110697655
110713051
110709919
110702935
110724224
110690964
110709918
110734849
110683892
110696236
110700778
110710750
110693237
110700373
110728751
110708550
110719067
110696235
110713692
110716886
110699651
110690478
110730684
110699061
110692289
110724365
110718899
110685167
110721051
110687311
110717817
110720288
110735210
110690668
110686856
110718193
110734256
110727655
110705207
110700228
110704772
110707230
110685872
110721803
110708420
110706051
110700899
110698784
110685633
110719832
110691542
110701474
110695069
110703716
110688794
110717393
110683350
110722691
110712140
110731633
110735127
110703112
110700334
110685849
110719101
110687352
110701473
110700012
110689518
110699209
110718897
110694407
110694585
110714003
110701847
110731217
110708082
110728250
110714924
110687483
110700174
110700847
110687813
110692978
110697369
110686890
110728856
110728204
110740036
110738235
110722672
110734571
110685847
110699013
110682496
110700734
110738878
110687652
110731823
110708668
110732250
110693172
110723321
110734357
110733123
110733117
110724275
110733933
110739769
110714611
110701606
110706995
110705112
110729523
110737723
110712250
110727184
110716843
110713661
110714529
110713385
110725334
110731351
110739776
110724781
110718388
110698310
110732320
110696010
110732064
110685886
110702521
110724462
110722781
110733476
110694697
110699332
110707283
110691500
110696502
110718421
110715317
110692772
110705143
110682470
110730552
110724885
110739778
110695977
110719994
110714036
110724627
110682789
110705060
110715336
110711517
110715055
110735084
110717855
110721403
110718885
110693890
110707032
110701979
110705161
110736902
110700800
110707495
110704632
110693896
110723191
110733325
110728304
110731331
110699211
110683590
110700018
110729100
110700497
110727639
110721907
110729899
110704464
110736930
110691417
110704688
110721892
110736499
110681813
110702441
110734409
110698587
110730693
110690396
110687446
110709782
110716857
110698128
110737704
110716734
110720417
110731856
110716634
110717438
110706400
110704250
110712018
110716367
110722674
110716158
110726235
110708210
110726895
110725641
110714610
110710007
110698526
110709302
110730231
110735743
110708077
110718912
110701176
110710267
110716244
110690915
110690879
110693924
110732730
110729552
110692987
110695708
110707852
110706287
110730672
110728154
110702100
110738876
110718381
110708608
110731241
110739721
110714527
110733056
110705903
110730726
110683425
110719314
110735795
110692412
110732559
110683402
110716624
110707396
110712877
110720851
110685382
110711375
110728024
110696021
110712540
110729115
110716345
110725229
110714462
110710348
110693519
110699526
110688516
110689705
110730202
110729345
110700674
110701209
110725555
110685049
110707199
110730206
110719239
110701965
110688070
110724416
110691801
110735742
110695527
110693841
110718552
110695063
110721665
110682600
110695444
110732706
110716991
110730276
110715343
110703458
110730097
110738915
110708232
110702939
110702412
110701631
110685788
110708669
110692887
110705538
110727117
110710508
110711361
110692330
110701098
110704899
110703616
110693174
110738363
110731986
110726369
110722071
110724176
110725120
110682574
110712430
110715984
110710012
110737401
110739936
110719773
110733632
110730560
110739383
110726859
110722701
110699038
110731378
110682878
110724433
110722768
110706816
110718484
110708033
110732550
110726190
110716267
110690184
110726244
110728981
110723942
110696304
110735793
110689395
110731582
110695656
110706290
110707817
110704787
110708073
110687007
110687856
110685319
110725633
110705605
110707004
110714366
110714626
110711105
110688216
110689717
110705585
110718807
110700147
110735419
110715543
110712646
110706404
110738843
110720330
110694200
110710543
110699944
110712406
110729333
110731879
110716700
110708256
110715729
110722413
110728984
110685204
110716004
110713038
110700501
110691005
110721851
110728567
110739510
110701020
110698506
110696208
110714492
110693173
110714518
110727876
110690303
110682238
110682276
110700102
110726233
110708711
110716830
110692342
110725927
110726236
110718741
110721925
110699228
110720172
110729778
110736605
110699386
110691099
110740228
110725381
110700583
110689662
110699364
110687761
110721788
110706395
110717937
110709818
110738360
110736647
110724356
110732054
110711978
110692705
110715484
110724954
110690311
110729753
110711864
110700618
110731915
110730978
110711175
110699690
110692996
110704154
110727155
110721426
110723675
110684146
110721099
110728547
110714649
110711863
110689723
110693484
110712941
110697416
110689438
110687521
110708076
110701407
110719290
110706605
110693513
110710965
110712462
110682235
110708078
110738480
110691024
110687633
110713844
110709775
110718914
110724909
110703448
110700537
110739715
110701888
110699680
110718096
110708595
110729589
110702167
110730181
110740145
110728914
110715976
110708589
110691916
110700638
110715983
110739397
110688999
110712601
110723863
110728178
110690506
110735047
110714031
110686656
110732547
110689728
110700595
110718236
110719590
110690011
110697198
110699031
110699714
110710991
110693103
110727600
110697753
110705379
110722487
110722567
110736866
110686545
110736259
110711137
110736444
110703793
110722105
110681705
110721942
110717822
110719505
110691485
110696559
110734456
110725251
110688432
110682225
110684152
110724854
110689292
110697154
110728768
110739122
110682318
110737150
110682536
110736680
110688984
110711046
110720626
110685228
110690727
110721498
110738392
110690983
110694732
110695179
110709847
110733611
110719427
110738425
110729744
110720899
110710981
110710135
110687580
110720139
110708831
110699609
110710271
110735212
110720848
110691051
110738437
110706487
110715530
110687860
110721474
110734206
110726507
110714570
110715931
110711365
110739666
110718614
110710396
110729098
110683957
110690871
110707070
110726090
110690916
110731611
110731156
110735017
110721301
110703428
110686055
110733896
110715859
110725594
110682546
110711352
110699356
110720573
110732723
110739949
110691862
110696107
110714287
110717180
110688482
110738345
110722775
110682303
110732483
110733348
110709868
110718009
110700558
110724643
110701033
110707680
110729147
110684569
110702273
110683724
110739117
110725425
110729341
110712867
110685841
110721654
110698176
110702377
110714967
110689402
110714881
110704531
110695487
110714240
110730960
110724560
110722664
110702169
110707028
110699376
110715913
110733328
110699293
110738338
110726396
110710176
110720086
110721850
110687668
110728919
110719450
110693450
110739588
110691898
110727555
110722671
110687119
110690145
110693757
110716387
110729759
110683635
110687080
110697162
110682413
110727116
110683701
110712481
110732530
110720748
110701906
110725652
110738185
110739857
110719798
110698296
110698525
110705488
110695761
110715236
110717357
110703627
110704336
110702524
110729610
110715346
110735383
110693758
110699387
110682202
110736084
110721031
110688726
110709660
110704606
110724505
110725215
110693594
110703244
110700256
110712843
110734495
110731715
110706881
110720357
110721575
110713218
110736419
110709378
110682674
110707266
110700320
110686366
110692991
110691313
110734550
110707694
110683761
110683688
110723259
110689232
110713014
110713782
110693118
110695938
110720412
110725914
110737491
110712679
110740064
110690807
110702607
110726404
110732405
110729716
110682117
110696003
110714193
110691475
110685047
110695269
110702384
110731637
110713511
110734830
110688448
110687920
110691116
110684804
110736239
110693266
110720578
110714017
110732298
110685084
110705115
110718279
110721215
110734293
110695185
110704608
110725632
110719265
110719839
110714880
110727428
110740093
110694044
110734698
110716518
110716805
110685751
110725953
110708594
110705637
110687786
110707289
110729337
110724534
110730390
110682527
110683468
110702086
110686585
110700336
110736984
110719954
110682089
110698601
110724554
110696381
110701350
110714141
110740059
110713066
110688257
110716708
110707630
110687069
110724811
110738134
110701532
110686088
110702213
110721330
110713891
110737380
110716912
110729229
110713910
110715483
110692807
110684296
110725973
110714284
110739968
110698649
110689803
110732713
110721924
110718850
110687209
110711051
110732233
110683492
110716302
110708500
110687095
110686250
110699084
110711108
110688693
110692369
110697786
110713227
110722582
110729189
110720912
110683329
110703044
110712012
110703433
110710928
110687491
110728913
110731660
110695193
110716114
110701750
110682045
110730401
110691000
110719820
110713789
110734290
110693353
110706369
110709108
110692343
110720932
110692293
110689281
110701465
110701747
110694209
110687210
110738144
110690955
110724610
110739536
110738456
110683811
110732758
110735773
110682845
110694421
110707760
110690716
110693380
110687649
110692924
110701487
110698140
110714364
110698298
110686077
110715088
110731126
110721943
110734728
110684195
110738622
110739528
110717903
110689549
110690563
110736952
110702434
110738043
110726711
110709142
110721416
110705028
110704465
110695319
110723605
110732549
110730338
110695071
110694749
110727586
110733358
110690895
110725601
110703910
110699320
110701220
110707659
110726839
110696690
110711732
110706280
110717310
110681899
110697190
110722824
110712551
110717000
110693607
110716250
110733538
110724581
110689554
110687096
110701730
110706646
110715135
110701915
110720255
110702134
110709654
110711087
110700848
110728670
110738342
110684752
110693132
110738031
110684270
110715789
110725145
110733567
110681858
110695192
110683972
110721606
110699163
110693759
110725724
110719786
110709652
110697393
110697028
110726444
110690672
110732328
110710853
110690671
110711362
110733397
110697962
110733492
110691374
110709317
110731103
110699227
110720128
110723103
110714855
110729835
110709049
110731250
110693242
110689385
110725590
110725726
110726729
110733547
110684446
110707994
110738435
110733548
110736841
110716842
110714789
110722767
110709920
110687985
110702443
110727118
110705061
110713926
110724264
110713460
110717930
110728104
110702834
110713360
110729566
110704602
110715507
110694523
110708079
110700495
110682558
110690816
110697403
110696399
110700281
110717702
110692997
110711147
110691869
110731553
110728069
110693992
110684166
110707561
110714376
110682979
110732763
110713916
110694661
110728728
110722776
110695918
110727033
110733537
110716428
110720575
110711378
110720420
110683970
110729730
110722310
110689657
110740325
110717740
110692301
110731662
110701377
110731393
110732717
110736108
110732302
110715590
110733220
110708063
110730526
110721130
110685540
110705715
110699067
110732312
110721356
110736307
110712524
110738533
110707009
110731707
110719538
110709817
110735784
110695243
110706297
110705510
110700406
110700982
110702784
110722840
110732521
110723937
110715089
110716435
110718815
110705613
110702576
110711687
110704793
110714743
110710062
110710316
110705820
110692977
110738365
110688521
110732737
110705058
110731543
110738537
110683401
110720056
110711856
110699377
110705586
110732515
110725578
110682981
110701056
110707774
110727712
110716498
110694521
110719662
110723931
110726953
110708634
110698489
110714122
110728065
110700494
110733038
110698297
110736244
110698113
110698123
110729764
110717690
110731133
110690041
110697163
110685768
110722603
110693700
110737647
110689801
110697836
110738374
110684275
110687583
110726910
110735060
110682543
110690923
110720176
110713808
110704977
110683785
110721497
110693176
110730556
110716510
110716293
110738361
110701693
110739440
110696622
110686926
110710004
110731260
110695206
110726227
110713448
110722425
110701744
110690673
110715492
110702457
110697191
110707759
110731641
110717872
110692911
110736413
110735031
110738535
110731746
110729559
110710761
110718462
110701597
110739296
110715022
110732246
110683521
110696133
110704628
110688065
110735177
110732311
110707678
110728087
110732514
110738353
110690991
110732964
110727511
110681844
110687283
110729890
110709916
110696022
110737742
110736364
110720603
110740319
110710195
110714139
110732047
110726545
110721934
110718996
110731872
110705692
110723276
110698442
110707935
110684621
110727794
110691268
110690943
110732697
110720452
110716410
110686448
110739667
110730335
110710343
110710938
110706373
110737022
110693453
110702414
110720350
110691030
110739726
110705062
110701034
110702656
110700646
110731398
110693525
110721735
110698522
110715319
110694210
110720421
110695790
110691768
110711707
110720877
110703581
110712604
110689598
110705138
110733546
110689627
110726692
110735322
110736153
110713992
110707304
110729735
110693197
110734411
110694887
110687327
110719348
110720059
110719847
110733713
110717764
110727926
110694177
110715680
110705861
110721028
110689277
110685748
110695687
110728943
110725774
110722005
110706318
110733539
110719325
110700579
110724765
110731969
110736362
110721514
110702181
110724770
110711761
110732837
110731534
110734130
110736634
110729978
110708672
110699184
110713142
110693707
110728156
110695709
110687437
110727128
110719535
110723587
110731309
110697876
110728240
110735567
110739511
110699375
110711639
110717251
110710781
110738536
110704316
110711439
110691524
110726811
110731218
110682373
110718641
110702083
110730622
110698898
110702480
110721694
110710053
110711080
110733191
110696629
110682451
110717458
110689288
110730879
110724537
110735553
110692773
110723753
110719866
110725752
110707981
110718168
110689592
110701783
110698924
110718526
110721831
110713994
110695347
110710221
110732448
110693358
110735960
110729500
110697161
110697243
110696142
110686223
110711663
110733885
110697751
110710044
110719277
110688021
110729328
110688520
110686449
110692943
110695757
110682030
110684851
110719652
110700149
110702497
110721790